x
0.00885676781792623
0.00932235809558494
0.0100170979403907
0.0103948372494879
0.00988355498197761
0.00976075136211364
0.00990535593268785
0.00980152536645582
0.00993722765009618
0.00921089719391282
0.00978215769500181
0.010431173364637
0.00995931568690258
0.0105973895395548
0.00978233461964297
0.00988543448432358
0.00944752274738816
0.0105004485782698
0.00951172461266995
0.0104782684417375
0.010226601304072
0.00985906036737878
0.00960748169803215
0.0108309888904606
0.0100796103190188
0.00975989649479881
0.0104499705890155
0.00973491051034838
0.0098511096865647
0.00998665888692553
0.00953376925315815
0.01005840952697
0.00976623081329
0.00937608373327713
0.0102124456710641
0.0102511035179515
0.00995814594068188
0.0107119549909677
0.00992895475187464
0.0103819448920732
0.00997623968604079
0.00901858832563417
0.00928507887315577
0.00956679772781894
0.00987832357343459
0.0099447228150516
0.01025358769944
0.00947108770831851
0.00978003754267685
0.00981734939549565
0.00940737215432035
0.0107321138484899
0.0097264912080631
0.0105714632254445
0.00934948268070336
0.0105457727030685
0.0100262707307886
0.00934524232986422
0.00948863513258561
0.0103199055300766
0.0104769504833494
0.0106217287381886
0.00950373948491571
0.00965398609656131
0.0090873357999829
0.00999465209487235
0.00982594911528564
0.00970747654264841
0.0102521678127683
0.00939600761918485
0.00986996133877155
0.0104506196575058
0.0108944880116545
0.00997970073860058
0.00963796626659514
0.0101063410682816
0.00936304368667043
0.00936195168290195
0.00961935576333919
0.00940624865563362
0.0102988208192202
0.00966476884852193
0.00969007727086489
0.00967691112123805
0.0108764257763467
0.0102808992418843
0.00942952091044392
0.00908961492988569
0.0101208075737107
0.00917693333587217
0.00923379762680566
0.0098002586167917
0.00940054302971928
0.00935978141852817
0.00905504375077383
0.00997807262034617
0.0102025019885504
0.00967571484582953
0.00996242085729665
0.00921909040051704
0.00999353518380199
0.0101346217372432
0.00985652486350697
0.010446722967743
0.00984664566769557
0.00959041286093369
0.00942681045137654
0.0103385113635352
0.00926513074473894
0.00965998809560365
0.0105032175243608
0.00963740872977324
0.010516164879022
0.00892714492020971
0.0104589351849839
0.00976041350734577
0.00943377925897427
0.00979367259312253
0.010006578674477
0.00948694347999592
0.00995161500456967
0.00963901767674227
0.00997050417858203
0.00983744773258368
0.00986884475030574
0.0093417047765854
0.010174515888157
0.00999162552215998
0.0101358658213001
0.0100109687529074
0.00980636302451904
0.00983486452009896
0.0098457964993444
0.00978910213073697
0.0103271407798224
0.0107160149556865
0.00994984086709883
0.0104077600391391
0.00958119311791019
0.00967151702739338
0.00911440604783116
0.00948879646803462
0.01021777990671
0.0103846115431322
0.00990811423302876
0.0100128439538544
0.00932181362622778
0.00928713175394243
0.00952414008988997
0.0100485658811951
0.0096047093740063
0.009362026003009
0.00967032134005192
0.00990342144068837
0.00966789345309124
0.0096246869303354
0.00922588262015245
0.010663869575343
0.0105610111120158
0.0105562042512988
0.0101217637882225
0.00988509363848353
0.0101460448221946
0.0101048359182567
0.00958577025332373
0.0102868719318444
0.00904436572566884
0.0100676666871467
0.00965886508835977
0.0101384055781855
0.0105559273622802
0.00935766588019244
0.00951860090615608
0.00959119951519392
0.0105775866104591
0.0102169560223398
0.0100261359392556
0.00987142442786148
0.0103096962892619
0.0107366334243228
0.00924016883610241
0.00943680613734318
0.00984007180921843
0.00966298813003779
0.0102848889418635
0.00975849687171724
0.0103190074240125
0.009394427859139
0.00997335048515877
0.0100430374287552
0.0100154643490191
0.00969601414615172
0.00995327888715691
0.0100266606249404
0.00968695388688637
0.00962825598839945
0.0100867597743549
0.0102649166325593
0.00968842440465396
0.00975782951376955
0.0106291527137102
0.0100430725524678
0.0098029531063117
0.00961404407609071
0.00906804579305239
0.0104524736145615
0.00954867111488544
0.0102573342189586
0.0103236119060204
0.0102848555963133
0.00956581357568128
0.00948953985981929
0.0102890993712839
0.0109321578951685
0.0101716382538148
0.00983380890244807
0.0105446390213032
0.0100876949782527
0.00998305347014212
0.0101441498274735
0.00966220578889811
0.0101476639730965
0.00968457800107692
0.00995878200659441
0.0100795769655226
0.00983119243240985
0.00994779428119555
0.0097468669612539
0.0095558045270003
0.00996311888993148
0.0100816921317741
0.0100248967044287
0.0102264507642068
0.010365678537067
0.0106663007596191
0.00946854898852097
0.0100075724785396
0.00949901663287718
0.0104551310145269
0.0097033444347091
0.00959250405457255
0.00943492229708845
0.0110063575970857
0.00988445877461366
0.0102145164456903
0.0102889357463136
0.00896311827525964
0.0104740439338577
0.0100813822352185
0.0105742489574064
0.0105936388907632
0.00924802082189511
0.00930518875063919
0.0100087476770346
0.00940224531367204
0.00914161838704889
0.0103162292730385
0.00959833906095457
0.00984851974682932
0.00958836079221133
0.0102937681207969
0.00956821114239819
0.0103894023597277
0.0102079541725994
0.00985020834750637
0.0104837229471591
0.00968393006817563
0.0110192668731763
0.00948577097158167
0.0104964712656041
0.00987616383128116
0.00970384780020042
0.0100812088579794
0.0102512383364215
0.0104725534071699
0.0102606662605576
0.00995743394861804
0.00992614877973833
0.00969737825908685
0.00985260624199051
0.00983362592795802
0.00999941656366753
0.00978648894678832
0.0110052873091737
0.0099644082163577
0.00986328232639338
0.00916681879774381
0.00872891019366855
0.00922182453142738
0.0101913040536021
0.01088313279335
0.00946863775900024
0.0101761874430877
0.00973440158628739
0.0100478233995069
0.0106057810287675
0.00978768644688757
0.00996151944866467
0.0101191092289757
0.0101549118462763
0.0101958945684538
0.0102897611398041
0.00997018513986334
0.0100843767165401
0.0104462874282949
0.010036171593955
0.00893541013293354
0.0104009488067205
0.0104337158044939
0.0100484992380424
0.00958580975448278
0.0107995784338925
0.00972144651524319
0.00982562196780356
0.0100902810250287
0.00943302406114419
0.0106137781429954
0.0105757298766558
0.01057138297743
0.0102384654761487
0.0098965706449753
0.0104321943849581
0.00993557512162093
0.0104411574650541
0.00969241340595197
0.00996252305976114
0.0102445803157775
0.00973140968191608
0.00958434593057099
0.0101023362247502
0.0098151690923778
0.0103997551129369
0.00954395008854565
0.0100553443084858
0.00941075386803458
0.0111034866443262
0.00987311392867334
0.00881704816825966
0.0095482609449244
0.00985776318004457
0.0100577087749316
0.00984012958914099
0.00990642838152055
0.0099733331349749
0.0100855279521729
0.00938997185623651
0.00968452613849584
0.00987238984076085
0.00975130557857446
0.00958893203372539
0.00948196262244107
0.010470371019064
0.00937078686238242
0.0102102708588265
0.00986574109005705
0.00961710585275743
0.0101010335845067
0.010284490609963
0.00920366507170148
0.00999895437868255
0.00939476083231056
0.0102948598018309
0.00958739128316162
0.00986683215832952
0.00992358898395022
0.0110458365165794
0.0103069487167302
0.010098720320782
0.00956474003564753
0.010191469360151
0.00964514354789057
0.00968168844306443
0.00996660949916038
0.010421127852955
0.00910984223993743
0.0101765976034521
0.00927190823575767
0.0104623177289645
0.010649577835124
0.00946305728929893
0.0106335585211314
0.00936628815090997
0.010045244370461
0.0105540367932223
0.0101310447917424
0.0104634557736245
0.0107823208953009
0.00991294699050761
0.00939042176671572
0.00988962607295439
0.00988874738184793
0.00979619480578206
0.0100449261909342
0.0104366939825512
0.0105962977530111
0.00976390171946715
0.0093414312842336
0.00945409792281809
0.00948570659020315
0.00991936319897269
0.00986135167766393
0.00936261189387328
0.009123159162403
0.00884358538403381
0.0102379995563436
0.0103195176631452
0.00942085110880696
0.00961479376025226
0.0101996217480262
0.0102114542279244
0.00951691015389772
0.00970393696491491
0.0102186283315942
0.0104860527376931
0.00994049872186941
0.00999833666562179
0.0100051046435343
0.00952565544621407
0.00989785322410136
0.0106357148833242
0.00943424817515269
0.00990719381214619
0.00973485572657622
0.0101838736326977
0.00931626859293069
0.0101926227460593
0.0103076441589027
0.00974056518193088
0.0106611294958039
0.00974324487391851
0.00922531393643224
0.00905664657536149
0.00988117823099382
0.0102660789731504
0.0101366103715733
0.0106383421376897
0.00972987821936753
0.00965407967421836
0.0105978719319991
0.00947157881772265
0.0101001448249831
0.00990167019031435
0.00954669336072004
0.00987942784396329
0.0102843856321002
0.0102511411299857
0.00983705298127513
0.0109016281621782
0.0107140395359875
0.0102484813425626
0.00997188436700965
0.00933485324628959
0.0106076790539624
0.00973881193555494
0.00972399198152568
0.00959190317999251
0.00939209476849234
0.00956147076770188
0.00990856647275104
0.0104795339801814
0.0102121563454616
0.00998627919635203
0.0100435772646636
0.00991420731110339
0.0101764716509716
0.00991848109877299
0.00997269957244861
0.0100148957617344
0.00984868945474057
0.00969939981661865
0.0100069622644994
0.0103231114533822
0.00979220240845979
0.009480240545494
0.00995689638136025
0.00921294896827702
0.00999114558723085
0.00973647604782451
0.00972786068710801
0.0101567791804987
0.00987141465673427
0.0100929112696827
0.00967511790539254
0.0102082426050303
0.00965812670708202
0.00956326214273341
0.0103916093728709
0.0097249935203929
0.0091744711424891
0.00954709881450883
0.0100369489401435
0.0101769633729034
0.00952642556950615
0.00969269814418231
0.00978272080227248
0.00980347177788415
0.00972902436829241
0.00909965698557853
0.0102140449468213
0.0102893759011875
0.00958974605177206
0.0097632807799457
0.00951657730970357
0.00974017684670364
0.00994947668008116
0.0103780665586751
0.0098760245216982
0.00994959158833542
0.00921362620589125
0.0107399985421583
0.0102149987422824
0.0102992028724613
0.00948238815156188
0.00990790588041645
0.00970507677596297
0.0108808891600245
0.00955356830121702
0.010000773957238
0.00908394169436212
0.00990380198873635
0.0092204904077809
0.0105126450810526
0.0100801558216303
0.00968990342184575
0.0095176250784769
0.0100342337610044
0.0102588530428718
0.00986368474206099
0.00969595201995216
0.00982748369978407
0.00940273517411095
0.0103156276162704
0.00928098353830226
0.00917792070690374
0.00962059866542554
0.0102415862379687
0.0107322009470628
0.00951949825188884
0.0103961461571824
0.00970606788954306
0.00983333311045215
0.0099946655609998
0.0103919324172954
0.00979243794779801
0.0100324523458586
0.0101133886598037
0.0104044939623381
0.0103012096285588
0.00984595060707445
0.0106478339729157
0.0103951635771725
0.00955980661610877
0.0102783235054154
0.00987274060140781
0.00903615930982258
0.0102532093659908
0.0096128385396465
0.0102399194906494
0.00940015729886032
0.0103453670419206
0.00944607972181064
0.0096855477628045
0.0103045997998075
0.00971407019140974
0.00946674148251881
0.00979188148345993
0.0102361879729378
0.0099999379655843
0.00993783233467535
0.00903394951860955
0.0101190399589293
0.0103112555549176
0.00892555095313173
0.00971065906159032
0.00999102120249179
0.010146017750603
0.0093986415829915
0.0102728140027955
0.00991640342319671
0.00958845389217373
0.00984304282967158
0.00942525334288618
0.00957938157499566
0.0101798836126401
0.0104128133190259
0.00956690951252832
0.0100531781536641
0.0100462986789982
0.00979106230737093
0.0100682732839821
0.0101324715963567
0.00978753981222544
0.00965361942142677
0.00981018069182406
0.0104093048120332
0.00889790109140842
0.0108626667410486
0.0105610043955806
0.0104334324080294
0.00884166939116936
0.00956350493090188
0.00930460657304622
0.0105177965294292
0.0111006476815623
0.00950277274151246
0.0102435650327332
0.0104614286304829
0.0103347502605457
0.00995561193634829
0.0104738193748595
0.00950416002707342
0.00929791390487751
0.00976078221927732
0.0100377732232817
0.00957433672196191
0.00944779207177256
0.00968373523375024
0.0101695738334917
0.00973187104006754
0.0103087102974559
0.0105144054293093
0.00991324484291531
0.00916654213037571
0.0103221818143189
0.0104298809673307
0.00984812002045124
0.00977612564520494
0.00999259375385699
0.0102081059592878
0.00948765159738646
0.00963628809524774
0.0101948273259451
0.0105131932347923
0.0100152378604485
0.00998719513607918
0.0094024408464815
0.0103197281060825
0.00982501328893126
0.00994648131681851
0.00996866469093303
0.00984680863720727
0.0096674330670194
0.00957766764166955
0.0102762352813127
0.00970095265898134
0.00949948806858153
0.00995544837279463
0.00943362782152796
0.010039979070654
0.0103957744724747
0.00960590570147065
0.00994065088427042
0.00910779998509129
0.00965626796398677
0.00989390003717234
0.00995607173389189
0.00997879849039525
0.01038399177372
0.00964240650618881
0.0098595513852936
0.0105211228462636
0.0101893947741918
0.01057691047169
0.00962348470074865
0.00974509487670259
0.0105615797214321
0.00992557854972033
0.009239596635721
0.00928574534828963
0.0100761870627901
0.00983820092145566
0.0101422620733126
0.00963371371379032
0.0097531153683449
0.010196604717754
0.00957733265326731
0.0095635371137517
0.0101621053627484
0.00971877799777008
0.0104308427972313
0.0100098033851951
0.00914601060177231
0.00987249825033511
0.00939604542102138
0.00966751015548834
0.0102756232190763
0.00982164176316302
0.0101137986276394
0.0101411230309721
0.0100189728369133
0.0102556215055792
0.0104959165263123
0.0101847139170324
0.00936376083605349
0.00964384922317366
0.010155229535259
0.0101125633326256
0.00983745239641101
0.0101151141872484
0.0103391199270964
0.0103462953748864
0.00957892088842423
0.0101684432043557
0.00985485124218023
0.00962035525785082
0.0103909783852357
0.00966108839102804
0.00998931827970113
0.0100483426328335
0.00996516041253529
0.0099494940970278
0.00993410201624398
0.0112213755287576
0.00933490119170925
0.00982732660756564
0.00867906374980904
0.00981546813709709
0.00944429073769296
0.0101676178943758
0.0105525880331746
0.00966452119547705
0.00907929789504155
0.00975654919903428
0.010686518258374
0.00977176143196942
0.00971313460714864
0.0101930487675796
0.0103343709606068
0.00979598724935767
0.0099599013645414
0.00945062887213674
0.0100066766234069
0.00894869813236748
0.00974286122933912
0.0100783370286132
0.0103459669538178
0.00914620985026937
0.00974817663472219
0.0100716924001241
0.0101910080944034
0.0102601958622399
0.00957547755460269
0.00977430435891002
0.0104757090606859
0.0101601492396034
0.00981759461319368
0.0106014574371746
0.0102355322933931
0.0103482293671389
0.00982991677465788
0.00961753008102044
0.00963820582617105
0.010326131015136
0.00946289087434632
0.00976218140220743
0.00904025671358472
0.00941455288800887
0.00915132014313569
0.010039202002294
0.0110495874334683
0.00965049392951509
0.00893938938819513
0.00949443143906246
0.0102858032794635
0.0100325040911298
0.00946125974034023
0.0100838301967025
0.00958316821108018
0.0091083799571167
0.00964930684366154
0.0102191658513526
0.0108480790676356
0.00997604048010579
0.0102587675008318
0.0104772034605366
0.0102555798725832
0.00937620291841725
0.0111570687303316
0.0100786680790343
0.0106019444428789
0.00990367021299265
0.0097528122430431
0.00960029403522212
0.00922488098802049
0.00969228012524727
0.010260327217259
0.0106432128812602
0.00966561800604604
0.0100716308500574
0.00922106682066058
0.00942928275908552
0.00956667751439679
0.00982569747023835
0.0103382484103111
0.0101068390103245
0.0102489816464132
0.00938480377627457
0.0104450310707046
0.00960815831570315
0.0103518457679293
0.01035329844426
0.00930732025853325
0.0104713853090004
0.0099693059099765
0.0102173378772171
0.00915355531333459
0.0105204582569395
0.00988899613196893
0.00952420376422997
0.0102818683242759
0.00972795959340534
0.00981787806682853
0.00977457871593686
0.00955649501364534
0.00984261127652639
0.0101160763895758
0.0103270588864547
0.0103236722204099
0.0106041703889326
0.010259089081382
0.0102493958446947
0.00909068199196362
0.00977142545513584
0.0100308722349299
0.0102917262152463
0.0108247661036829
0.00948111469025358
0.0110364883605176
0.00975304381199554
0.00938114923502346
0.00982812571244281
0.0100857114794607
0.00998885297847452
0.0101463685003253
0.00954765540933902
0.00914122030611804
0.00990192275368538
0.0106615282972222
0.00968567188952947
0.0108944151364402
0.00988683717654441
0.00921533803472737
0.00961559847359957
0.0102903776574919
0.0106065048004729
0.00970391655203799
0.00904665968360146
0.0092464554084105
0.0104325164207303
0.00941609364595111
0.00983784834958263
0.00967843164890162
0.00964414176379886
0.0105194323027699
0.0102299354856295
0.00988437750862626
0.00932844179258522
0.0097355299203223
0.0094923524120034
0.0103093316982285
0.00974425279236698
0.00975075284028997
0.00932318978683109
0.0111142358722826
0.0101495232504397
0.00978861508581738
0.00980924504450844
0.0110565116021826
0.00860820391986001
0.0103612931993301
0.00898623282195081
0.00922122623384364
0.0110336657464207
0.00970679690818257
0.00977170434450887
0.010394332742709
0.00945348504992943
0.0101701070264389
0.00920664794326423
0.0100955518770044
0.00991534476891568
0.0098442401592356
0.00983262387197369
0.0100471331027334
0.0101715246697794
0.00945234977788621
0.0098582273787104
0.0106281406456064
0.00937200789045749
0.0100245240784463
0.00950143207890964
0.0097711653627019
0.00954586921363576
0.00979452636443268
0.0104884304250679
0.0108412186532014
0.0105278919911404
0.0102797237200106
0.0103090259974455
0.0096114978381695
0.00936924480957102
0.00946380231425404
0.00926915261930508
0.00934928326479873
0.00954236882311616
0.0106592181035082
0.0104489142417114
0.00955622789768893
0.0108180711332765
0.0102355334428681
0.00992918354095609
0.0102020163433157
0.0109892743258588
0.0100505290217299
0.0101718964991527
0.00982280134006426
0.00985668256250301
0.0100811158997931
0.00983702865654414
0.00977418917179691
0.00966962333551006
0.00979046712831638
0.0100204202309551
0.00892144332210992
0.00959236518344589
0.00984208992398798
0.00939378064762151
0.00985602604934309
0.0094955278883108
0.0108968458893864
0.0101638857148948
0.0098590799656697
0.00966876948556365
0.00957725300339513
0.0106941439985369
0.0101844095803938
0.00950658805586391
0.0097795896879281
0.00969416380660039
0.0101958827926814
0.010968700912827
0.00994868949660711
0.00944950215035889
0.00946195071401185
0.0104265449553136
0.00991693743281874
0.0103309379707936
0.00987886830556791
0.00905052905504539
0.00953009766743108
0.00990692504272258
0.0105574316510642
0.0108813741310681
0.00959982391245057
0.00985594693345701
0.0102035242952144
0.0103569658739506
0.00981984516948801
0.0103626232145268
0.0101613505391634
0.00996386665014555
0.00915031149569965
0.00983912483996479
0.00950577924820542
0.00928669042838639
0.0102497045648447
0.00947010440572101
0.00978927981351177
0.00873448015938444
0.0105876981554491
0.00997111476744576
0.00981240464432171
0.00950158512991453
0.0105780700268291
0.00990128466437362
0.0101817595402663
0.0100123775581107
0.00897710712527433
0.00985551120976613
0.0100044489465009
0.0100510618826978
0.00974847305284129
0.00961538653455095
0.010788361622677
0.0102548741767272
0.0102172637321587
0.00930832588283502
0.0103613977237104
0.0101515828708153
0.00992506806473123
0.0105718366352469
0.0100605335505609
0.00909636502059146
0.0103143230958777
0.0100946507895752
0.0097542272672242
0.0101936295814146
0.00998165070988082
0.00973302665026345
0.00966232510223526
